Updated,Confirmed,ConfirmedChange,Deaths,DeathsChange
03/06/2020,1,0,0,0
03/07/2020,1,0,0,0
03/08/2020,1,0,0,0
03/09/2020,1,0,0,0
03/10/2020,1,0,0,0
03/11/2020,1,0,0,0
03/12/2020,1,0,0,0
03/13/2020,1,0,0,0
03/14/2020,1,0,0,0
03/15/2020,1,0,0,0
03/16/2020,1,0,0,0
03/17/2020,1,0,0,0
03/18/2020,1,0,0,0
03/19/2020,1,0,0,0
03/20/2020,2,1,0,0
03/21/2020,2,0,0,0
03/22/2020,2,0,0,0
03/23/2020,2,0,0,0
03/24/2020,2,0,0,0
03/25/2020,2,0,0,0
03/26/2020,2,0,0,0
03/27/2020,3,1,0,0
03/28/2020,3,0,0,0
03/29/2020,4,1,0,0
03/30/2020,4,0,0,0
03/31/2020,4,0,0,0
04/01/2020,4,0,0,0
04/02/2020,5,1,0,0
04/03/2020,5,0,0,0
04/04/2020,5,0,0,0
04/05/2020,5,0,0,0
04/06/2020,5,0,0,0
04/07/2020,5,0,0,0
04/08/2020,5,0,0,0
04/09/2020,5,0,0,0
04/10/2020,5,0,0,0
04/11/2020,5,0,0,0
04/13/2020,5,0,0,0
04/15/2020,5,0,0,0
04/16/2020,5,0,0,0
04/18/2020,5,0,0,0
04/20/2020,5,0,0,0
04/21/2020,6,1,0,0
04/22/2020,7,1,0,0
04/23/2020,7,0,0,0
04/24/2020,7,0,0,0
04/25/2020,7,0,0,0
04/26/2020,7,0,0,0
04/27/2020,7,0,0,0
04/28/2020,7,0,0,0
04/29/2020,7,0,0,0
04/30/2020,7,0,0,0
05/01/2020,7,0,0,0
05/02/2020,7,0,0,0
05/03/2020,7,0,0,0
05/04/2020,7,0,0,0
05/05/2020,7,0,0,0
05/06/2020,7,0,0,0
05/07/2020,7,0,0,0
05/08/2020,7,0,0,0
05/09/2020,7,0,0,0
05/10/2020,9,2,0,0
05/11/2020,11,2,0,0
05/12/2020,11,0,0,0
05/13/2020,15,4,0,0
05/14/2020,20,5,0,0
05/15/2020,21,1,0,0
05/16/2020,21,0,0,0
05/17/2020,21,0,0,0
05/18/2020,21,0,0,0
05/19/2020,21,0,0,0
05/20/2020,21,0,0,0
05/21/2020,21,0,0,0
05/22/2020,21,0,0,0
05/23/2020,24,3,0,0
05/24/2020,24,0,0,0
05/25/2020,27,3,0,0
05/26/2020,27,0,0,0
05/27/2020,28,1,0,0
05/28/2020,31,3,0,0
05/29/2020,33,2,0,0
05/30/2020,33,0,0,0
05/31/2020,43,10,0,0
06/01/2020,43,0,0,0
06/02/2020,47,4,0,0
06/03/2020,47,0,0,0
06/04/2020,48,1,0,0
06/05/2020,48,0,0,0
06/06/2020,48,0,0,0
06/07/2020,59,11,0,0
06/08/2020,59,0,0,0
06/09/2020,60,1,0,0
06/10/2020,61,1,0,0
06/11/2020,62,1,0,0
06/12/2020,63,1,0,0
06/13/2020,64,1,0,0
06/14/2020,66,2,0,0
06/15/2020,67,1,0,0
06/16/2020,67,0,0,0
06/17/2020,67,0,0,0
06/18/2020,67,0,0,0
06/19/2020,68,1,0,0
06/20/2020,68,0,0,0
06/21/2020,68,0,0,0
06/22/2020,69,1,0,0
06/23/2020,70,1,0,0
06/24/2020,71,1,0,0
06/25/2020,72,1,0,0
06/26/2020,74,2,0,0
06/27/2020,76,2,0,0
06/28/2020,76,0,0,0
06/29/2020,77,1,0,0
06/30/2020,77,0,0,0
07/01/2020,77,0,0,0
07/02/2020,77,0,0,0
07/03/2020,78,1,0,0
07/04/2020,79,1,0,0
07/05/2020,80,1,0,0
07/06/2020,80,0,0,0
