Updated,Confirmed,ConfirmedChange,Deaths,DeathsChange
01/21/2020,262,0,0,0
01/22/2020,313,51,0,0
01/23/2020,578,265,0,0
01/24/2020,841,263,0,0
01/25/2020,1320,479,0,0
01/26/2020,2014,694,0,0
01/27/2020,2798,784,0,0
01/28/2020,4593,1795,0,0
01/29/2020,6065,1472,0,0
01/30/2020,7818,1753,0,0
01/31/2020,9826,2008,0,0
02/01/2020,11953,2127,0,0
02/02/2020,14557,2604,0,0
02/03/2020,17386,2829,362,362
02/04/2020,20625,3239,426,64
02/05/2020,24549,3924,492,66
02/06/2020,28256,3707,565,73
02/07/2020,31420,3164,638,73
02/08/2020,34822,3402,724,86
02/09/2020,37494,2672,813,89
02/10/2020,40484,2990,910,97
02/11/2020,42968,2484,1018,108
02/12/2020,44996,2028,1115,97
02/13/2020,46823,1827,1369,254
02/14/2020,64219,17396,1383,14
02/15/2020,66884,2665,1526,143
02/16/2020,68912,2028,1669,143
02/17/2020,70975,2063,1775,106
02/18/2020,72778,1803,1873,98
02/19/2020,75204,2426,2009,136
02/20/2020,75748,544,2129,120
02/21/2020,76769,1021,2247,118
02/22/2020,77794,1025,2359,112
02/23/2020,78811,1017,2462,103
02/24/2020,79331,520,2618,156
02/25/2020,80239,908,2700,82
02/26/2020,81109,870,2762,62
02/27/2020,82294,1185,2804,42
02/28/2020,83652,1358,2858,54
02/29/2020,85403,1751,2924,66
03/01/2020,87137,1734,2977,53
03/02/2020,88948,1811,3043,66
03/03/2020,90869,1921,3112,69
03/04/2020,93091,2222,3198,86
03/05/2020,95324,2233,3281,83
03/06/2020,98192,2868,3380,99
03/07/2020,101927,3735,3486,106
03/08/2020,105586,3659,3584,98
03/09/2020,109577,3991,3809,225
03/10/2020,113702,4125,4012,203
03/11/2020,118319,4617,4292,280
03/12/2020,125260,6941,4613,321
03/13/2020,132755,7495,4955,342
03/14/2020,142534,9779,5392,437
03/15/2020,153517,10983,5735,343
03/16/2020,167515,13998,6606,871
03/17/2020,179111,11596,7426,820
03/18/2020,191127,12016,7807,381
03/19/2020,244799,53672,10030,2223
03/20/2020,275130,30331,11376,1346
03/21/2020,304999,29869,13003,1627
03/22/2020,335403,30404,14611,1608
03/23/2020,378394,42991,16491,1880
03/24/2020,417663,39269,18605,2114
03/25/2020,463387,45724,20912,2307
03/26/2020,529614,66227,23714,2802
03/27/2020,587958,58344,26909,3195
03/28/2020,662541,74583,30839,3930
03/29/2020,720415,57874,33908,3069
03/30/2020,777286,56871,37140,3232
03/31/2020,856955,79669,42089,4949
04/01/2020,932605,75650,46809,4720
04/02/2020,1011490,78885,52863,6054
04/03/2020,1095917,84427,58787,5924
04/04/2020,1196553,100636,64549,5762
04/05/2020,1272115,75562,69309,4760
04/06/2020,1341907,69792,74565,5256
04/07/2020,1426096,84189,81259,6694
04/08/2020,1504971,78875,87984,6725
04/09/2020,1587209,82238,94850,6866
04/10/2020,1684833,97624,102136,7286
04/11/2020,1764622,79789,107904,5768
04/12/2020,1838772,74150,107904,0
04/13/2020,1912923,74151,118966,11062
04/14/2020,1970879,57956,125678,6712
04/15/2020,2056055,85176,133572,7894
04/16/2020,2151199,95144,143725,10153
04/17/2020,2234109,82910,153379,9654
04/18/2020,2310572,76463,158691,5312
04/19/2020,2394291,83719,164938,6247
04/20/2020,2470410,76119,169794,4856
04/21/2020,2560504,90094,176926,7132
04/22/2020,2628894,68390,182992,6066
04/23/2020,2699338,70444,188437,5445
04/24/2020,2790986,91648,195920,7483
04/25/2020,2868539,77553,201502,5582
04/26/2020,2965363,96824,206265,4763
04/27/2020,3002303,36940,208131,1866
04/28/2020,3083467,81164,213824,5693
04/29/2020,3170335,86868,224708,10884
04/30/2020,3249022,78687,230804,6096
05/01/2020,3303296,54274,235290,4486
05/02/2020,3419184,115888,243355,8065
05/03/2020,3502126,82942,247107,3752
05/04/2020,3578301,76175,251059,3952
05/05/2020,3659271,80970,256736,5677
05/06/2020,3744585,85314,263068,6332
05/07/2020,3836215,91630,268999,5931
05/08/2020,3932896,96681,274422,5423
05/09/2020,4018342,85446,278756,4334
05/10/2020,4097158,78816,282495,3739
05/11/2020,4168427,71269,285445,2950
05/12/2020,4233504,65077,289932,4487
05/13/2020,4336973,103469,296252,6320
05/14/2020,4434590,97617,301937,5685
05/15/2020,4531811,97221,307001,5064
05/16/2020,4626632,94821,311363,4362
05/17/2020,4710614,83982,315023,3660
05/18/2020,4786672,76058,317695,2672
05/19/2020,4889287,102615,322683,4988
05/20/2020,4968689,79402,326515,3832
05/21/2020,5076846,108157,332425,5910
05/22/2020,5180982,104136,336432,4007
05/23/2020,5280743,99761,340477,4045
05/24/2020,5383582,102839,344077,3600
05/25/2020,5471768,88186,344911,834
05/26/2020,5559130,87362,348610,3699
05/27/2020,5682389,123259,354944,6334
05/28/2020,5803416,121027,359791,4847
05/29/2020,5916464,113048,364357,4566
05/30/2020,6048384,131920,368604,4247
05/31/2020,6132154,83770,371154,2550
06/01/2020,6246042,113888,374452,3298
06/02/2020,6325303,79261,377460,3008
06/03/2020,6444298,118995,382435,4975
06/04/2020,6573286,128988,387898,5463
06/05/2020,6722408,149122,393934,6036
06/06/2020,6852810,130402,398211,4277
06/07/2020,6979789,126979,401848,3637
06/08/2020,7085894,106105,405168,3320
06/09/2020,7185573,99679,408954,3786
06/10/2020,7313661,128088,413854,4900
06/11/2020,7414050,100389,417514,3660
06/12/2020,7617591,203541,424587,7073
06/13/2020,7715890,98299,427670,3083
06/14/2020,7835340,119450,431141,3471
06/15/2020,7963453,128113,434432,3291
06/16/2020,8085932,122479,438453,4021
06/17/2020,8261260,175328,445468,7015
06/18/2020,8400320,139060,450435,4967
06/19/2020,8519543,119223,454582,4147
06/20/2020,8716985,197442,461206,6624
06/21/2020,8802328,85343,464620,3414
06/22/2020,9030328,228000,469939,5319
06/23/2020,9154232,123904,473650,3711
06/24/2020,9237691,83459,476911,3261
06/25/2020,9494571,256880,484155,7244
06/26/2020,9641472,146901,489990,5835
06/27/2020,9891727,250255,496075,6085
06/28/2020,10044731,153004,499892,3817
06/29/2020,10199798,155067,502947,3055
06/30/2020,10368165,168367,507188,4241
07/01/2020,10512383,144218,512331,5143
07/02/2020,10694288,181905,516210,3879
07/03/2020,10874146,179858,521355,5145
07/04/2020,11169802,295656,528232,6877
07/05/2020,11304534,134732,531659,3427
