Updated,Confirmed,ConfirmedChange,Deaths,Recovered,AdminRegion1
04/15/2020,100,0,4,0.0,Azores
04/16/2020,102,2,4,0.0,Azores
04/18/2020,104,2,4,0.0,Azores
04/19/2020,106,2,5,0.0,Azores
04/20/2020,107,1,6,0.0,Azores
04/22/2020,109,2,6,0.0,Azores
04/23/2020,110,1,8,0.0,Azores
04/25/2020,111,1,8,0.0,Azores
04/26/2020,120,9,8,0.0,Azores
04/27/2020,120,0,9,0.0,Azores
04/28/2020,121,1,10,0.0,Azores
04/29/2020,125,4,12,0.0,Azores
04/30/2020,127,2,12,0.0,Azores
05/01/2020,129,2,12,0.0,Azores
05/02/2020,131,2,13,0.0,Azores
05/03/2020,132,1,13,0.0,Azores
05/04/2020,132,0,13,0.0,Azores
05/05/2020,132,0,13,0.0,Azores
05/06/2020,133,1,13,0.0,Azores
05/07/2020,134,1,14,0.0,Azores
05/08/2020,135,1,14,0.0,Azores
05/09/2020,135,0,14,0.0,Azores
05/10/2020,135,0,14,0.0,Azores
05/11/2020,135,0,14,0.0,Azores
05/12/2020,135,0,15,0.0,Azores
05/13/2020,135,0,15,0.0,Azores
05/14/2020,135,0,15,0.0,Azores
05/15/2020,135,0,15,0.0,Azores
05/16/2020,135,0,15,0.0,Azores
05/17/2020,135,0,15,0.0,Azores
05/18/2020,135,0,15,0.0,Azores
05/19/2020,135,0,15,0.0,Azores
05/20/2020,135,0,15,0.0,Azores
05/21/2020,135,0,15,0.0,Azores
05/22/2020,135,0,15,0.0,Azores
05/23/2020,135,0,15,0.0,Azores
05/24/2020,135,0,15,0.0,Azores
05/25/2020,135,0,15,0.0,Azores
05/26/2020,135,0,15,0.0,Azores
05/27/2020,135,0,15,0.0,Azores
05/28/2020,135,0,15,0.0,Azores
05/29/2020,135,0,15,0.0,Azores
05/30/2020,135,0,15,0.0,Azores
05/31/2020,135,0,15,0.0,Azores
06/01/2020,136,1,15,0.0,Azores
06/02/2020,137,1,15,0.0,Azores
06/08/2020,142,5,15,0.0,Azores
06/09/2020,142,0,15,0.0,Azores
06/15/2020,143,1,15,0.0,Azores
06/16/2020,143,0,15,0.0,Azores
06/17/2020,143,0,15,0.0,Azores
06/18/2020,143,0,15,0.0,Azores
06/19/2020,143,0,15,0.0,Azores
06/20/2020,143,0,15,0.0,Azores
06/21/2020,144,1,15,0.0,Azores
06/22/2020,144,0,15,0.0,Azores
06/23/2020,145,1,15,0.0,Azores
06/24/2020,146,1,15,0.0,Azores
06/25/2020,147,1,15,0.0,Azores
06/26/2020,148,1,15,0.0,Azores
06/27/2020,148,0,15,0.0,Azores
04/15/2020,2549,0,131,0.0,Coimbra
04/16/2020,2756,207,146,0.0,Coimbra
04/17/2020,2778,22,148,0.0,Coimbra
04/18/2020,2863,85,157,0.0,Coimbra
04/19/2020,2923,60,164,0.0,Coimbra
04/20/2020,2952,29,164,0.0,Coimbra
04/21/2020,2999,47,171,0.0,Coimbra
04/22/2020,3053,54,175,0.0,Coimbra
04/23/2020,3084,31,179,0.0,Coimbra
04/24/2020,3116,32,183,0.0,Coimbra
04/25/2020,3183,67,188,0.0,Coimbra
04/26/2020,3232,49,188,0.0,Coimbra
04/27/2020,3252,20,191,0.0,Coimbra
04/28/2020,3289,37,194,0.0,Coimbra
04/29/2020,3340,51,196,0.0,Coimbra
04/30/2020,3389,49,198,0.0,Coimbra
05/01/2020,3419,30,201,0.0,Coimbra
05/02/2020,3426,7,206,0.0,Coimbra
05/03/2020,3447,21,209,0.0,Coimbra
05/04/2020,3478,31,209,0.0,Coimbra
05/05/2020,3489,11,211,0.0,Coimbra
05/06/2020,3505,16,213,0.0,Coimbra
05/07/2020,3545,40,213,0.0,Coimbra
05/08/2020,3564,19,214,0.0,Coimbra
05/09/2020,3581,17,215,0.0,Coimbra
05/10/2020,3583,2,216,0.0,Coimbra
05/11/2020,3586,3,216,0.0,Coimbra
05/12/2020,3589,3,219,0.0,Coimbra
05/13/2020,3592,3,221,0.0,Coimbra
05/14/2020,3595,3,221,0.0,Coimbra
05/15/2020,3598,3,221,0.0,Coimbra
05/16/2020,3609,11,221,0.0,Coimbra
05/17/2020,3626,17,221,0.0,Coimbra
05/18/2020,3628,2,223,0.0,Coimbra
05/19/2020,3644,16,227,0.0,Coimbra
05/20/2020,3655,11,230,0.0,Coimbra
05/21/2020,3662,7,232,0.0,Coimbra
05/22/2020,3664,2,233,0.0,Coimbra
05/23/2020,3676,12,233,0.0,Coimbra
05/24/2020,3683,7,233,0.0,Coimbra
05/25/2020,3686,3,233,0.0,Coimbra
05/26/2020,3690,4,234,0.0,Coimbra
05/27/2020,3700,10,234,0.0,Coimbra
05/28/2020,3710,10,237,0.0,Coimbra
05/29/2020,3728,18,237,0.0,Coimbra
05/30/2020,3739,11,238,0.0,Coimbra
05/31/2020,3744,5,238,0.0,Coimbra
06/01/2020,3745,1,238,0.0,Coimbra
06/02/2020,3747,2,239,0.0,Coimbra
06/08/2020,3826,79,244,0.0,Coimbra
06/09/2020,3859,33,244,0.0,Coimbra
06/15/2020,3892,33,246,0.0,Coimbra
06/16/2020,3902,10,246,0.0,Coimbra
06/17/2020,3913,11,246,0.0,Coimbra
06/18/2020,3934,21,246,0.0,Coimbra
06/19/2020,3955,21,247,0.0,Coimbra
06/20/2020,3966,11,247,0.0,Coimbra
06/21/2020,3991,25,248,0.0,Coimbra
06/22/2020,4002,11,248,0.0,Coimbra
06/23/2020,4014,12,248,0.0,Coimbra
06/24/2020,4042,28,248,0.0,Coimbra
06/25/2020,4055,13,248,0.0,Coimbra
06/26/2020,4056,1,248,0.0,Coimbra
06/27/2020,4056,0,248,0.0,Coimbra
04/15/2020,155,0,0,0.0,Évora
04/16/2020,156,1,0,0.0,Évora
04/17/2020,158,2,0,0.0,Évora
04/19/2020,159,1,0,0.0,Évora
04/20/2020,161,2,0,0.0,Évora
04/21/2020,173,12,0,0.0,Évora
04/22/2020,176,3,1,0.0,Évora
04/23/2020,181,5,1,0.0,Évora
04/24/2020,183,2,1,0.0,Évora
04/25/2020,185,2,1,0.0,Évora
04/26/2020,187,2,1,0.0,Évora
04/27/2020,189,2,1,0.0,Évora
04/28/2020,201,12,1,0.0,Évora
04/29/2020,214,13,1,0.0,Évora
04/30/2020,216,2,1,0.0,Évora
05/01/2020,218,2,1,0.0,Évora
05/02/2020,218,0,1,0.0,Évora
05/03/2020,218,0,1,0.0,Évora
05/04/2020,219,1,1,0.0,Évora
05/05/2020,220,1,1,0.0,Évora
05/06/2020,224,4,1,0.0,Évora
05/07/2020,228,4,1,0.0,Évora
05/08/2020,232,4,1,0.0,Évora
05/09/2020,235,3,1,0.0,Évora
05/10/2020,236,1,1,0.0,Évora
05/11/2020,237,1,1,0.0,Évora
05/12/2020,238,1,1,0.0,Évora
05/13/2020,238,0,1,0.0,Évora
05/14/2020,239,1,1,0.0,Évora
05/15/2020,240,1,1,0.0,Évora
05/16/2020,241,1,1,0.0,Évora
05/17/2020,242,1,1,0.0,Évora
05/18/2020,243,1,1,0.0,Évora
05/19/2020,245,2,1,0.0,Évora
05/20/2020,248,3,1,0.0,Évora
05/21/2020,250,2,1,0.0,Évora
05/22/2020,251,1,1,0.0,Évora
05/23/2020,253,2,1,0.0,Évora
05/24/2020,253,0,1,0.0,Évora
05/25/2020,253,0,1,0.0,Évora
05/26/2020,254,1,1,0.0,Évora
05/27/2020,255,1,1,0.0,Évora
05/28/2020,257,2,1,0.0,Évora
05/29/2020,259,2,1,0.0,Évora
05/30/2020,260,1,1,0.0,Évora
05/31/2020,262,2,1,0.0,Évora
06/01/2020,264,2,1,0.0,Évora
06/02/2020,266,2,1,0.0,Évora
06/08/2020,268,2,1,0.0,Évora
06/09/2020,277,9,1,0.0,Évora
06/15/2020,287,10,2,0.0,Évora
06/16/2020,287,0,2,0.0,Évora
06/17/2020,288,1,2,0.0,Évora
06/18/2020,295,7,2,0.0,Évora
06/19/2020,304,9,2,0.0,Évora
06/20/2020,363,59,2,0.0,Évora
06/21/2020,374,11,2,0.0,Évora
06/22/2020,385,11,2,0.0,Évora
06/23/2020,397,12,2,0.0,Évora
06/24/2020,406,9,2,0.0,Évora
06/25/2020,409,3,3,0.0,Évora
06/26/2020,449,40,4,0.0,Évora
06/27/2020,449,0,4,0.0,Évora
04/15/2020,289,0,9,0.0,Faro
04/16/2020,300,11,9,0.0,Faro
04/17/2020,305,5,9,0.0,Faro
04/18/2020,306,1,9,0.0,Faro
04/19/2020,310,4,10,0.0,Faro
04/20/2020,311,1,11,0.0,Faro
04/21/2020,313,2,11,0.0,Faro
04/22/2020,316,3,11,0.0,Faro
04/23/2020,318,2,11,0.0,Faro
04/24/2020,320,2,11,0.0,Faro
04/26/2020,322,2,12,0.0,Faro
04/27/2020,328,6,12,0.0,Faro
04/28/2020,330,2,12,0.0,Faro
04/29/2020,330,0,13,0.0,Faro
04/30/2020,331,1,13,0.0,Faro
05/01/2020,331,0,13,0.0,Faro
05/02/2020,331,0,13,0.0,Faro
05/03/2020,332,1,13,0.0,Faro
05/04/2020,333,1,13,0.0,Faro
05/05/2020,335,2,13,0.0,Faro
05/06/2020,342,7,13,0.0,Faro
05/07/2020,343,1,13,0.0,Faro
05/08/2020,345,2,13,0.0,Faro
05/09/2020,345,0,13,0.0,Faro
05/10/2020,346,1,13,0.0,Faro
05/11/2020,348,2,14,0.0,Faro
05/12/2020,350,2,14,0.0,Faro
05/13/2020,351,1,14,0.0,Faro
05/14/2020,354,3,14,0.0,Faro
05/15/2020,355,1,14,0.0,Faro
05/16/2020,356,1,15,0.0,Faro
05/17/2020,356,0,15,0.0,Faro
05/18/2020,356,0,15,0.0,Faro
05/19/2020,356,0,15,0.0,Faro
05/20/2020,356,0,15,0.0,Faro
05/21/2020,357,1,15,0.0,Faro
05/22/2020,358,1,15,0.0,Faro
05/23/2020,361,3,15,0.0,Faro
05/24/2020,361,0,15,0.0,Faro
05/25/2020,362,1,15,0.0,Faro
05/26/2020,363,1,15,0.0,Faro
05/27/2020,364,1,15,0.0,Faro
05/28/2020,366,2,15,0.0,Faro
05/29/2020,366,0,15,0.0,Faro
05/30/2020,367,1,15,0.0,Faro
05/31/2020,370,3,15,0.0,Faro
06/01/2020,371,1,15,0.0,Faro
06/02/2020,372,1,15,0.0,Faro
06/08/2020,389,17,15,0.0,Faro
06/09/2020,394,5,15,0.0,Faro
06/15/2020,399,5,15,0.0,Faro
06/16/2020,406,7,15,0.0,Faro
06/17/2020,413,7,15,0.0,Faro
06/18/2020,448,35,15,0.0,Faro
06/19/2020,480,32,15,0.0,Faro
06/20/2020,499,19,15,0.0,Faro
06/21/2020,521,22,15,0.0,Faro
06/22/2020,528,7,15,0.0,Faro
06/23/2020,536,8,15,0.0,Faro
06/24/2020,552,16,15,0.0,Faro
06/25/2020,574,22,15,0.0,Faro
06/26/2020,574,0,15,0.0,Faro
06/27/2020,574,0,15,0.0,Faro
04/15/2020,3994,0,102,0.0,Lisbon
04/16/2020,4237,243,115,0.0,Lisbon
04/17/2020,4302,65,119,0.0,Lisbon
04/18/2020,4438,136,124,0.0,Lisbon
04/19/2020,4500,62,126,0.0,Lisbon
04/20/2020,4709,209,130,0.0,Lisbon
04/21/2020,4896,187,133,0.0,Lisbon
04/22/2020,5093,197,138,0.0,Lisbon
04/23/2020,5194,101,146,0.0,Lisbon
04/24/2020,5277,83,160,0.0,Lisbon
04/25/2020,5435,158,170,0.0,Lisbon
04/26/2020,5531,96,175,0.0,Lisbon
04/27/2020,5556,25,179,0.0,Lisbon
04/28/2020,5593,37,185,0.0,Lisbon
04/29/2020,5695,102,195,0.0,Lisbon
04/30/2020,5815,120,199,0.0,Lisbon
05/01/2020,5939,124,202,0.0,Lisbon
05/02/2020,6047,108,205,0.0,Lisbon
05/03/2020,6091,44,210,0.0,Lisbon
05/04/2020,6136,45,218,0.0,Lisbon
05/05/2020,6241,105,223,0.0,Lisbon
05/06/2020,6641,400,226,0.0,Lisbon
05/07/2020,6935,294,230,0.0,Lisbon
05/08/2020,7093,158,233,0.0,Lisbon
05/09/2020,7166,73,238,0.0,Lisbon
05/10/2020,7242,76,243,0.0,Lisbon
05/11/2020,7316,74,248,0.0,Lisbon
05/12/2020,7494,178,254,0.0,Lisbon
05/13/2020,7647,153,257,0.0,Lisbon
05/14/2020,7767,120,259,0.0,Lisbon
05/15/2020,7951,184,262,0.0,Lisbon
05/16/2020,8097,146,267,0.0,Lisbon
05/17/2020,8235,138,273,0.0,Lisbon
05/18/2020,8361,126,279,0.0,Lisbon
05/19/2020,8490,129,282,0.0,Lisbon
05/20/2020,8688,198,289,0.0,Lisbon
05/21/2020,8878,190,297,0.0,Lisbon
05/22/2020,9106,228,300,0.0,Lisbon
05/23/2020,9292,186,309,0.0,Lisbon
05/24/2020,9423,131,316,0.0,Lisbon
05/25/2020,9567,144,322,0.0,Lisbon
05/26/2020,9778,211,325,0.0,Lisbon
05/27/2020,10049,271,325,0.0,Lisbon
05/28/2020,10320,271,340,0.0,Lisbon
05/29/2020,10643,323,346,0.0,Lisbon
05/30/2020,10874,231,354,0.0,Lisbon
05/31/2020,11142,268,357,0.0,Lisbon
06/01/2020,11238,96,357,0.0,Lisbon
06/02/2020,11335,97,363,0.0,Lisbon
06/08/2020,13222,1887,403,0.0,Lisbon
06/09/2020,14175,953,403,0.0,Lisbon
06/15/2020,15128,953,429,0.0,Lisbon
06/16/2020,15387,259,429,0.0,Lisbon
06/17/2020,15646,259,429,0.0,Lisbon
06/18/2020,15971,325,433,0.0,Lisbon
06/19/2020,16255,284,435,0.0,Lisbon
06/20/2020,16537,282,435,0.0,Lisbon
06/21/2020,16762,225,436,0.0,Lisbon
06/22/2020,16993,231,436,0.0,Lisbon
06/23/2020,17225,232,446,0.0,Lisbon
06/24/2020,17527,302,449,0.0,Lisbon
06/25/2020,17767,240,453,0.0,Lisbon
06/26/2020,18106,339,457,0.0,Lisbon
06/27/2020,18106,0,457,0.0,Lisbon
04/15/2020,59,0,0,0.0,Madeira Island
04/16/2020,59,0,0,0.0,Madeira Island
04/18/2020,60,1,0,0.0,Madeira Island
04/19/2020,61,1,0,0.0,Madeira Island
04/20/2020,80,19,0,0.0,Madeira Island
04/21/2020,85,5,0,0.0,Madeira Island
04/23/2020,85,0,0,0.0,Madeira Island
04/25/2020,86,1,0,0.0,Madeira Island
04/27/2020,86,0,0,0.0,Madeira Island
04/29/2020,86,0,0,0.0,Madeira Island
04/30/2020,86,0,0,0.0,Madeira Island
05/01/2020,86,0,0,0.0,Madeira Island
05/02/2020,86,0,0,0.0,Madeira Island
05/03/2020,86,0,0,0.0,Madeira Island
05/04/2020,87,1,0,0.0,Madeira Island
05/05/2020,88,1,0,0.0,Madeira Island
05/06/2020,89,1,0,0.0,Madeira Island
05/07/2020,90,1,0,0.0,Madeira Island
05/08/2020,90,0,0,0.0,Madeira Island
05/09/2020,90,0,0,0.0,Madeira Island
05/10/2020,90,0,0,0.0,Madeira Island
05/11/2020,90,0,0,0.0,Madeira Island
05/12/2020,90,0,0,0.0,Madeira Island
05/13/2020,90,0,0,0.0,Madeira Island
05/14/2020,90,0,0,0.0,Madeira Island
05/15/2020,90,0,0,0.0,Madeira Island
05/16/2020,90,0,0,0.0,Madeira Island
05/17/2020,90,0,0,0.0,Madeira Island
05/18/2020,90,0,0,0.0,Madeira Island
05/19/2020,90,0,0,0.0,Madeira Island
05/20/2020,90,0,0,0.0,Madeira Island
05/21/2020,90,0,0,0.0,Madeira Island
05/22/2020,90,0,0,0.0,Madeira Island
05/23/2020,90,0,0,0.0,Madeira Island
05/24/2020,90,0,0,0.0,Madeira Island
05/25/2020,90,0,0,0.0,Madeira Island
05/26/2020,90,0,0,0.0,Madeira Island
05/27/2020,90,0,0,0.0,Madeira Island
05/28/2020,90,0,0,0.0,Madeira Island
05/29/2020,90,0,0,0.0,Madeira Island
05/30/2020,90,0,0,0.0,Madeira Island
05/31/2020,90,0,0,0.0,Madeira Island
06/01/2020,90,0,0,0.0,Madeira Island
06/02/2020,90,0,0,0.0,Madeira Island
06/08/2020,90,0,0,0.0,Madeira Island
06/09/2020,90,0,0,0.0,Madeira Island
06/15/2020,90,0,0,0.0,Madeira Island
06/16/2020,90,0,0,0.0,Madeira Island
06/17/2020,90,0,0,0.0,Madeira Island
06/18/2020,90,0,0,0.0,Madeira Island
06/19/2020,91,1,0,0.0,Madeira Island
06/20/2020,91,0,0,0.0,Madeira Island
06/21/2020,92,1,0,0.0,Madeira Island
06/22/2020,92,0,0,0.0,Madeira Island
06/23/2020,92,0,0,0.0,Madeira Island
06/24/2020,92,0,0,0.0,Madeira Island
06/25/2020,92,0,0,0.0,Madeira Island
06/26/2020,92,0,0,0.0,Madeira Island
06/27/2020,92,0,0,0.0,Madeira Island
04/15/2020,10302,0,321,0.0,Porto
04/16/2020,11237,935,355,0.0,Porto
04/17/2020,11324,87,377,0.0,Porto
04/18/2020,11762,438,393,0.0,Porto
04/19/2020,12148,386,409,0.0,Porto
04/20/2020,12543,395,424,0.0,Porto
04/21/2020,12806,263,441,0.0,Porto
04/22/2020,13150,344,454,0.0,Porto
04/23/2020,13382,232,475,0.0,Porto
04/24/2020,13707,325,491,0.0,Porto
04/25/2020,14072,365,502,0.0,Porto
04/26/2020,14386,314,519,0.0,Porto
04/27/2020,14496,110,536,0.0,Porto
04/28/2020,14702,206,546,0.0,Porto
04/29/2020,14715,13,556,0.0,Porto
04/30/2020,15090,375,566,0.0,Porto
05/01/2020,15231,141,578,0.0,Porto
05/02/2020,15236,5,585,0.0,Porto
05/03/2020,15241,5,597,0.0,Porto
05/04/2020,15246,5,609,0.0,Porto
05/05/2020,15251,5,613,0.0,Porto
05/06/2020,15256,5,623,0.0,Porto
05/07/2020,15450,194,634,0.0,Porto
05/08/2020,15809,359,639,0.0,Porto
05/09/2020,15854,45,645,0.0,Porto
05/10/2020,15952,98,648,0.0,Porto
05/11/2020,16008,56,651,0.0,Porto
05/12/2020,16053,45,660,0.0,Porto
05/13/2020,16112,59,667,0.0,Porto
05/14/2020,16166,54,674,0.0,Porto
05/15/2020,16214,48,677,0.0,Porto
05/16/2020,16282,68,684,0.0,Porto
05/17/2020,16352,70,693,0.0,Porto
05/18/2020,16396,44,698,0.0,Porto
05/19/2020,16472,76,707,0.0,Porto
05/20/2020,16488,16,713,0.0,Porto
05/21/2020,16540,52,717,0.0,Porto
05/22/2020,16596,56,725,0.0,Porto
05/23/2020,16664,68,732,0.0,Porto
05/24/2020,16678,14,738,0.0,Porto
05/25/2020,16699,21,744,0.0,Porto
05/26/2020,16705,6,752,0.0,Porto
05/27/2020,16711,6,752,0.0,Porto
05/28/2020,16718,7,761,0.0,Porto
05/29/2020,16725,7,769,0.0,Porto
05/30/2020,16739,14,773,0.0,Porto
05/31/2020,16760,21,784,0.0,Porto
06/01/2020,16822,62,784,0.0,Porto
06/02/2020,16885,63,791,0.0,Porto
06/08/2020,16948,63,807,0.0,Porto
06/09/2020,17022,74,807,0.0,Porto
06/15/2020,17097,75,813,0.0,Porto
06/16/2020,17138,41,813,0.0,Porto
06/17/2020,17179,41,813,0.0,Porto
06/18/2020,17208,29,813,0.0,Porto
06/19/2020,17236,28,813,0.0,Porto
06/20/2020,17242,6,814,0.0,Porto
06/21/2020,17249,7,814,0.0,Porto
06/22/2020,17289,40,814,0.0,Porto
06/23/2020,17329,40,814,0.0,Porto
06/24/2020,17339,10,814,0.0,Porto
06/25/2020,17372,33,815,0.0,Porto
06/26/2020,17441,69,816,0.0,Porto
06/27/2020,17441,0,816,0.0,Porto
